22.6675    -0.350785    -0.432786    -0.170362
22.6825    -0.376513    -0.821691    0.428967
22.695    -0.341931    -0.830162    0.357542
22.71    -0.384044    -0.743568    0.46308
22.7225    -0.484535    -0.435489    0.315832
22.7375    -0.486205    -0.0919795    0.135435
22.75    -0.49329    0.0630898    0.095643
22.765    -0.366896    -0.36209    0.116137
22.7775    -0.311305    -0.690318    0.253181
22.7925    -0.226256    -0.738225    0.533247
22.8075    -0.38296    -0.504091    0.191474
22.8125    -0.278126    -0.449188    0.644687
22.825    -0.289849    -0.397756    0.432713
22.84    -0.458516    -0.546615    -0.117745
22.8525    -0.463146    -0.401258    -0.596481
22.8625    -0.487054    -0.237172    -0.843834
22.8775    -0.602536    -0.167798    -0.950335
22.8925    -0.707166    0.00768447    -0.856205
22.905    -0.752169    0.137383    -0.73909
22.92    -0.794583    0.423336    -0.273124
22.9325    -0.385253    -0.349104    -0.0838671
22.9475    -0.455138    -0.126828    0.000566483
22.9575    -0.384423    -0.344924    -0.0849733
22.9625    -0.339222    -0.56173    -0.0866117
22.975    -0.454973    -0.785394    0.261408
22.99    -0.416912    -0.541081    0.728037
23.005    -0.506856    0.244561    1.19016
23.0175    -0.574151    0.470556    1.00007
23.0325    -0.280594    0.859991    0.314347
23.045    -0.526003    0.893245    0.560263
23.06    -0.286272    0.610619    0.0436745
23.0725    -0.520452    0.520415    -0.997624
23.0875    -0.383825    0.576622    -1.90285
23.1    -0.209618    0.115001    -1.78678
23.1075    -0.130075    -0.194006    -0.415053
23.1175    -0.161319    -0.0773218    0.448933
23.1325    0.367995    1.61098    0.573483
23.1475    0.30413    1.68444    1.03612
23.1575    0.384157    1.59855    0.58154
23.1725    0.489101    0.00965071    -0.352124
23.185    0.315264    -0.496799    -0.074852
23.2    0.514112    -0.438041    -0.236143
23.2125    0.263134    -0.11804    -0.705992
23.2275    0.11953    0.514188    -0.938868
23.2325    0.300843    0.74229    -0.672098
23.2425    0.690858    0.345397    -0.122395
23.2575    -0.357976    0.568771    -0.86438
23.27    -0.0523529    -1.16513    0.382321
23.285    -0.293005    0.438843    -0.743101
23.2975    -0.462416    1.30954    -2.52071
23.3125    0.917532    -0.662093    -4.583
23.325    -2.04228    -2.18621    -2.88796
23.34    0.366553    -0.129864    -1.64959
23.355    0.251822    0.732226    -1.65668
23.3675    0.594156    -0.308178    -1.25669
23.3825    0.379112    -0.986188    4.72414
23.395    0.781449    -1.16911    3.82755
23.41    -0.0228248    -0.990035    4.64395
23.4225    -0.288242    -1.73409    2.87665
23.4325    -0.367761    -2.59241    2.08378
23.4375    -0.74474    -2.89608    1.76959
23.4525    -1.39175    0.416029    1.57236
23.4675    0.409982    1.74781    0.587051
23.48    -0.852077    0.410892    0.377081
23.495    0.52995    0.140582    -0.62546
23.5075    0.655841    -0.54534    2.82043
23.51    1.13321    -1.87524    0.379303
23.5225    0.216991    -2.1791    1.7192
23.5375    0.352986    -0.730504    3.03931
23.55    -1.65127    -1.82193    3.4971
23.565    -0.711524    -1.94391    2.77829
23.5775    -1.70971    -1.01011    0.00374508
23.5925    -1.02951    -1.98896    -1.01757
23.6075    -0.742316    1.18576    -1.77717
23.62    -0.176313    1.39328    -0.106832
23.635    -0.128151    1.12075    -2.43852
23.6475    0.322455    0.149034    -0.508265
23.6625    -0.294558    -2.31091    1.92505
23.675    -0.148578    -1.28242    2.51651
23.69    -0.644169    -0.87935    3.09046
23.7025    -0.973425    0.424127    3.02954
23.7075    -0.739628    0.340482    2.32317
23.72    0.0827174    -1.12138    0.648367
23.7325    -0.664037    -1.61156    -0.395061
23.7475    0.324605    -1.98934    1.67172
23.76    -0.656458    -1.60439    -1.19706
23.775    0.110782    -0.893802    -0.482982
23.7825    0.161776    -1.87851    0.783936
23.79    -0.943798    -1.87127    1.91538
23.805    -1.141    -0.36167    -1.81397
23.8175    -0.219496    -0.828455    -3.4671
23.8325    0.865745    -0.402429    0.183753
23.845    0.641756    -0.580662    -1.66252
23.86    1.05914    -0.474069    2.07487
23.8725    0.365966    -0.940679    3.83478
23.8875    0.0389627    0.0231867    3.09081
23.9    0.332091    0.866485    2.95775
23.915    -0.560236    -1.31966    4.65482
23.9275    -0.753605    -1.32596    3.91084
23.9425    -0.982421    -0.716517    1.54281
23.9575    -0.291272    1.33158    -3.21015
23.97    -1.00769    1.51048    -3.54316
23.9825    -0.276094    1.30899    -3.18632
23.985    -0.272377    0.462865    -1.70089
24    -0.95769    -0.900217    1.76233
24.0125    1.47718    -2.23549    3.28206
24.0275    0.0346423    -3.32507    2.56913
24.0425    0.0543019    -1.73096    0.586714
24.055    -1.34006    -0.473881    -1.17012
24.07    -1.11747    0.777045    -2.53417
24.0825    -1.25604    0.517202    -2.25212
24.085    -1.19817    -1.27194    -0.952261
24.0975    -1.8313    -0.393117    -1.54135
24.1125    -0.726307    1.27797    -1.84235
24.1275    1.04916    0.364221    4.44833
24.14    0.799483    -1.3364    5.73741
24.155    1.25509    -2.20866    3.65535
24.1675    0.468475    -1.48858    1.12037
24.1825    -0.760438    -0.011363    -1.07975
24.195    -0.53503    1.55856    -7.42909
24.21    -0.060508    -2.42739    -0.722404
24.2225    0.321383    -2.81007    1.20304
24.2325    1.14363    -0.809994    1.43054
24.2375    0.779171    -0.193358    1.79004
24.2525    -0.543949    0.85076    2.59959
24.2675    -0.556937    -0.612179    -0.237467
24.28    -0.476585    -0.10477    -1.36234
24.295    -1.09779    0.0471649    1.16284
24.3075    -1.23448    1.59728    0.835521
24.31    -1.29144    0.311737    2.8342
24.3225    -1.21373    1.60453    1.80668
24.3375    -1.60489    1.26933    0.532024
24.35    -0.880175    -0.168621    0.77827
24.365    -0.421302    -0.654767    0.810991
24.38    -0.59639    0.387976    0.843204
24.3925    -1.49873    -1.22601    0.196369
24.4075    0.538832    -0.601574    -1.64013
24.42    0.428836    -0.881966    0.452245
24.435    0.812085    -0.32458    -3.06224
24.4475    0.885414    2.50601    -2.22647
24.4625    -0.676883    4.16578    0.502162
24.475    0.585266    2.66842    0.150459
24.49    0.428222    0.818525    -0.707037
24.505    -1.34694    0.993197    0.0470614
24.5175    -0.310006    1.60705    0.501518
24.5325    -0.233294    -2.0849    1.63606
24.5325    -0.260289    1.04664    0.0792363
24.5475    -0.491309    -0.680405    1.17115
24.56    0.226177    -3.3985    1.77132
24.575    0.495279    -4.4043    -1.77176
24.59    -0.587841    -1.96345    -1.21495
24.6025    -0.634603    1.67354    1.66319
24.6175    -0.407475    4.37278    1.39148
24.63    -0.259987    2.98104    0.706018
24.6325    -0.240333    2.98503    0.728767
24.645    0.391504    0.397517    0.208806
24.66    -1.0461    -2.01338    -0.48506
24.6725    -0.726199    -3.85755    2.52823
24.6875    0.0420165    -1.64735    1.64296
24.7    -0.883231    -2.14637    0.473927
24.715    -2.28022    -4.70069    -2.24845
24.73    -0.759501    -1.42346    -3.43075
24.7425    -0.265587    4.70803    -3.58919
24.7575    0.280699    0.284795    1.13983
24.77    1.82287    1.68314    1.23067
24.7825    0.309254    0.289194    1.11823
24.7825    0.309254    0.289194    1.11823
24.79    0.604917    0.0468893    0.678701
24.8025    1.07076    -0.365659    0.226715
24.8175    -0.0259819    -3.21867    -0.963032
24.8325    -0.451396    -0.545605    -0.0527316
24.845    -0.232125    -1.50113    0.141699
24.8575    -0.286171    0.488026    -0.614809
24.87    0.254502    0.606019    -1.32069
24.885    -0.00825477    0.856154    -1.74085
24.8975    -0.61046    0.215804    -1.0912
24.9125    -0.111481    -2.43051    0.635017
24.9275    -1.01238    -2.82087    0.00886236
24.94    -1.24125    -2.76627    -0.626442
24.955    -0.622725    -2.79082    -1.42151
24.9675    -0.494987    0.61131    -0.56704
24.98    0.137484    3.98961    1.1843
24.995    0.116594    0.718181    1.21743
25.0075    -0.0281066    -0.179932    1.52243
25.0225    -0.111706    -1.75345    1.63875
25.035    0.312006    0.710484    1.06331
25.05    -0.557087    2.82338    1.35373
25.0575    -0.495541    2.98671    0.364798
25.0675    -0.0742552    4.3812    0.35885
25.08    -0.876069    -3.37276    1.11017
25.095    -1.00343    -2.81281    -2.22169
25.1075    1.25908    -0.364141    -1.79512
25.1225    1.42006    0.137362    -2.09988
25.1325    0.656618    -0.088891    -1.18194
25.1375    0.619217    0.35983    -0.341749
25.1525    0.602453    0.891797    -0.74036
25.165    -1.45173    -0.562254    0.81415
25.18    -0.688753    -0.490261    -1.11276
25.1925    -0.478451    -0.609748    0.23538
25.2075    -0.325271    0.0331059    0.58018
25.22    0.357056    0.318375    0.858119
25.235    -0.0908039    0.210335    -0.0151243
25.2475    0.47761    -0.0472813    -0.760141
25.2625    0.120174    0.939302    -0.309025
25.275    -0.390419    -0.074708    1.51232
25.29    -0.635829    -2.74599    0.378097
25.305    -0.489004    -3.17194    -1.63294
25.3175    0.289441    -0.280734    -0.537787
25.3325    0.0683527    -1.61973    -0.115323
25.3325    0.433717    2.35465    0.571498
25.3475    -0.171198    -1.72556    1.52665
25.36    -0.111946    -0.62433    -1.19292
25.375    -0.0176253    -0.0503664    -2.0023
25.3875    -0.26825    -0.307583    -0.639713
25.4025    -0.829647    0.706974    1.78994
25.4075    -0.601883    2.27567    2.50477
25.4175    0.282753    1.57777    3.42719
25.4325    0.0780485    -0.00351906    -1.89953
25.445    0.410795    -1.63991    -0.00332767
25.46    0.418095    0.792717    -2.32861
25.4725    1.008    1.05412    0.142352
25.4875    0.572088    -0.462784    2.11365
25.5    0.625369    1.11168    0.992372
25.515    -0.1109    1.22022    -0.56047
25.53    -0.0564039    1.53514    -1.15087
25.5425    0.084094    0.372687    -1.16558
25.5575    0.548012    -1.34728    -0.914404
25.57    0.421739    -0.794082    -0.831531
25.585    0.500913    -1.33222    -0.899177
25.5975    0.284707    -0.3603    0.323622
25.6075    -0.0843365    0.484777    0.952378
25.6125    0.0712075    0.754385    0.894982
25.6275    0.22951    1.23848    0.409103
25.6425    0.203697    1.39489    0.548046
25.655    -0.072258    0.562329    0.306803
25.67    0.002213    -0.220942    0.260672
25.6825    -0.0180364    0.582294    0.570005
25.685    0.258373    0.0457869    0.328432
25.6975    0.215086    0.114616    0.134868
25.7125    -0.143258    1.18118    1.04887
25.725    -0.336953    0.149834    1.73158
25.7325    -0.145348    -0.257522    1.34452
25.745    0.170395    0.148031    0.730924
25.76    0.369696    -0.152551    0.632967
25.7725    -0.0984626    0.330497    0.00879103
25.7875    -0.751273    0.043993    -0.26999
25.8    -0.911423    0.588488    -0.795089
25.815    -0.985011    -0.939273    -1.19001
25.8275    -0.470121    -0.146793    -2.0766
25.8375    -0.170397    0.0801191    -2.46724
25.8525    0.355001    -0.363148    -3.20888
25.8675    0.916888    0.597491    -2.12282
25.88    1.36781    1.74437    -1.79795
25.895    1.54417    1.99569    -2.23606
25.9075    0.0931396    1.28393    -1.09973
25.9125    0.61716    1.42324    -1.25839
25.925    0.346519    1.19708    -1.04562
25.9375    0.0755148    1.2251    -1.40025
25.9525    -0.283005    1.05533    -1.37219
25.965    -0.38985    1.06768    -1.16311
25.98    -0.298433    0.853336    -0.94884
25.9925    -0.135884    0.244208    -1.2341
26.0075    -0.485855    0.0747643    -1.27735
26.02    -0.349911    0.268387    -1.14259
26.035    -0.575019    0.0124607    -1.29038
26.0475    -0.626376    0.635959    -0.911955
26.0625    -0.688675    0.740242    -0.547732
26.075    -0.656309    -0.0444536    -0.751635
26.0825    -0.580462    -0.187938    -0.96226
26.0925    -0.619555    -0.0825214    -1.19253
26.105    -0.556423    0.136962    -1.61769
26.12    -0.21516    0.317077    -1.62027
26.1325    1.0193    0.864806    -1.01326
26.1475    0.707851    1.06967    -0.843858
26.1575    1.1038    0.370811    -1.52846
26.1625    1.09988    0.373435    -1.53095
26.175    0.940548    0.338768    -1.90059
26.19    0.285448    -0.284687    -0.968727
26.205    -0.109745    0.0196943    -0.247295
26.2175    -0.206507    -0.0178785    0.0147532
26.2325    0.112873    -0.0434713    1.40101
26.245    0.000711441    -0.0350151    1.12982
26.26    0.274086    0.0723324    1.45055
26.2725    0.566913    0.35208    1.12887
26.2875    0.615299    0.272684    0.718378
26.3    0.695912    0.501396    0.895467
26.315    0.580644    0.200994    0.931716
26.33    0.355167    -0.250006    0.828286
26.3325    0.357526    -0.251278    0.823973
26.345    0.0835571    -0.820439    0.625583
26.3575    -0.23642    -0.810224    -0.0286809
26.3725    -0.209616    -0.724467    0.339787
26.385    -0.236693    -0.809871    -0.0310792
26.4    -0.324914    -1.22468    0.452874
26.4075    -0.290951    -1.09619    0.191783
26.415    -1.07667    -2.10343    0.485675
26.43    -0.409136    -0.770465    0.466536
26.4425    -0.27336    -0.539737    -0.0452583
26.4575    0.804764    -0.190597    -1.22129
26.46    -0.0611081    -0.0784407    -0.823744
26.475    0.809875    -0.193204    -1.23245
26.4875    1.27249    0.181895    -0.911736
26.5025    1.61165    0.57913    -0.566149
26.515    1.60752    0.511045    -0.362593
26.53    1.43574    0.987505    -0.154927
26.5425    0.975624    0.666252    0.25773
26.5575    -0.357438    0.22809    0.5892
26.5725    -0.249935    0.369257    0.618351
26.5825    -0.353604    0.225928    0.584108
26.5975    -0.626191    0.180988    -0.120555
26.61    -0.627617    -0.17802    -0.685499
26.625    -0.583927    -0.175657    -1.32768
26.64    -0.570073    -0.393106    -1.65733
26.6525    -0.45853    -0.40949    -1.35936
26.6575    -0.453152    -0.4197    -1.34801
26.6675    -0.36776    -0.809151    -0.996866
26.6825    -0.031857    -0.357901    -0.577346
26.695    -0.181269    -0.698227    -0.83448
26.71    0.0572639    -0.0804768    -0.551896
26.7225    0.291607    0.331969    -0.387543
26.7375    0.437278    0.8518    -0.0391713
26.75    0.592653    0.913396    -0.244425
26.765    0.72626    0.582995    -0.595034
26.78    0.908541    0.862276    -0.751432
26.7925    0.968285    0.604962    -0.818958
26.8075    1.05034    0.573793    -0.742765
26.82    1.1144    0.654045    -0.908068
26.8325    0.971006    0.57452    -0.737054
26.835    0.969778    0.575203    -0.735779
26.85    0.837156    0.557918    -0.55618
26.8625    0.439383    0.00323391    -0.448993
26.8775    0.207112    -0.0491886    -0.291766
26.8925    -0.0216632    -0.328017    -0.162498
26.905    -0.184321    -0.512814    -0.266746
26.92    -0.363607    -0.353336    -0.512833
26.9325    -0.697539    -0.759589    -0.629629
26.9475    -0.652228    -0.589929    -0.603778
26.9575    -0.694923    -0.761124    -0.630595
26.9625    -0.777738    -0.770133    -0.699185
26.9775    -0.769454    -0.751    -0.782444
26.99    -0.829956    -0.916573    -0.630067
27.005    -0.771456    -0.830496    -0.280153
27.0175    -0.758994    -1.00327    -0.229399
27.0325    -0.631588    -0.430176    -0.530303
27.045    -0.745578    -0.486104    -0.488366
27.06    -0.510131    -0.392485    -0.627418
27.0725    -0.194067    0.10508    -1.0471
27.0875    0.231984    0.390523    -0.801325
27.1025    0.739222    0.661627    -0.419097
27.115    1.04968    0.912601    -0.231613
27.13    1.30861    1.12146    0.00203568
27.1325    1.30539    1.12364    -0.000714481
27.145    1.23787    0.878621    -0.25037
27.1575    0.64491    0.354241    -0.622685
27.1725    1.03082    0.625569    -0.635752
27.185    0.632915    0.361697    -0.622069
27.2    0.0474772    0.312425    -0.614181
27.2125    -0.274653    0.273093    -0.561109
27.2275    -0.659767    0.172748    -0.512576
27.2325    -0.783237    0.131133    -0.46197
27.2425    -0.862412    0.171839    -0.36159
27.2575    -0.812267    -0.293716    -0.69073
27.27    -0.893891    -0.251888    -0.66358
27.285    -0.734047    -0.340539    -0.666128
27.2975    -0.486575    -0.470977    -0.674326
27.3125    -0.339367    -0.139174    -0.660714
27.3275    -0.264527    0.0329447    -0.509619
27.34    -0.36952    -0.0961246    -0.623885
27.355    -0.456099    -0.348255    -0.764799
27.3675    -0.460515    -0.612874    -0.573124
27.3825    0.405225    0.013505    -0.561332
27.395    0.0126762    -0.571836    -0.362548
27.4075    0.401644    0.0156937    -0.560564
27.41    0.590471    0.263335    -0.647933
27.425    1.02048    0.552036    -0.455367
27.44    1.24996    1.00824    -0.544447
27.4525    1.32572    1.10437    -0.494224
27.4675    1.21552    0.967262    -0.399225
27.48    0.900715    0.752024    -0.493557
27.4825    0.696508    0.57534    -0.573334
27.495    0.291015    0.101087    -0.560485
27.51    -0.0970821    -0.222712    -0.620163
27.5225    -0.345657    -0.31972    -0.545129
27.5375    -0.566865    -0.288924    -0.590242
27.55    -0.703703    -0.288875    -0.466643
27.565    -0.748322    -0.276899    -0.448335
27.58    -0.700018    -0.306063    -0.558895
27.5825    -0.69663    -0.308336    -0.564729
27.5975    -0.533765    -0.348302    -0.557726
27.61    -0.459459    -0.336792    -0.505979
27.625    -0.344624    -0.250093    -0.453332
27.6375    -0.230778    -0.37641    -0.40674
27.6525    -0.103936    -0.207784    -0.521464
27.665    0.0313253    -0.15189    -0.528581
27.6775    0.311541    0.0232468    -0.60405
27.6925    0.753146    0.327334    -0.505087
27.705    0.988595    0.614559    -0.433604
27.72    1.06828    0.782414    -0.470607
27.7325    0.47402    0.44254    -0.605341
27.7475    0.679475    0.554638    -0.420649
27.7575    0.271497    0.337067    -0.730143
27.7625    0.0735974    0.226048    -0.82084
27.775    -0.0784888    0.0159636    -0.791929
27.79    -0.326675    -0.325923    -0.76059
27.805    -0.400285    -0.303005    -0.671007
27.8175    -0.428919    -0.333076    -0.565999
27.8325    -0.223237    0.00858021    -0.678041
27.845    -0.260524    -0.0647554    -0.630045
27.86    -0.166647    0.117626    -0.573834
27.8725    -0.0789819    0.185852    -0.473648
27.8875    0.0731726    0.6899    -0.208889
27.9025    0.0142426    -0.448839    -0.962787
27.915    0.0284886    0.391177    -0.493376
27.93    0.0235047    -0.197603    -0.662019
27.9425    0.0651894    0.0340242    -0.621194
27.9575    -0.0391698    -0.16941    -0.831221
27.9575    0.0192175    0.0118933    -0.562588
27.9725    -0.00882816    -0.138214    -0.785105
27.985    -0.0522704    -0.0780516    -0.766204
28    -0.0128241    0.00143909    -0.666345
28.015    0.00766563    0.262818    -0.589074
28.0275    0.0439639    0.384132    -0.539959
28.0425    0.104851    0.42929    -0.530184
28.055    0.129328    0.358616    -0.488215
28.0575    0.131135    0.357616    -0.490955
28.07    0.0779634    0.231776    -0.67577
28.085    -0.0541697    -0.0236435    -0.597246
28.0975    -0.0732737    0.0129871    -0.450182
28.1125    -0.0972776    -0.0144062    -0.467568
28.125    -0.0524287    -0.0862064    -0.220106
28.14    -0.047327    -0.0504522    -0.282497
28.155    -0.0223527    -0.12658    -0.384667
28.1675    -0.00448751    -0.0142851    -0.52014
28.1825    0.0484118    0.0821857    -0.437834
28.195    0.0319185    -0.0434427    -0.495624
28.21    0.0477047    0.0830326    -0.443789
28.2225    0.0889263    0.051486    -0.400104
28.2325    0.0909615    0.0648899    -0.381542
28.2375    0.0846319    0.0866337    -0.372894
28.2525    0.050818    0.0724945    -0.551361
28.2675    0.0399222    0.143113    -0.547762
28.28    -0.0196438    -0.0261612    -0.525165
28.295    -0.0728836    -0.0392246    -0.498275
28.3075    -0.107634    0.105554    -0.600277
28.3225    -0.10057    0.0964651    -0.59115
28.3325    -0.105091    0.103732    -0.59813
28.3375    -0.0978823    0.140084    -0.543467
28.3525    -0.0729156    0.316284    -0.553928
28.365    -0.088511    0.195117    -0.528393
28.38    -0.0827966    0.205437    -0.523407
28.3925    -0.0995584    0.11103    -0.460264
28.4075    -0.0629082    0.0404387    -0.476736
28.42    -0.0360579    0.0295258    -0.43225
28.435    -0.0506806    0.108703    -0.532334
28.4475    -0.0868845    0.154051    -0.62018
28.4625    -0.0732465    0.143894    -0.579291
28.475    -0.0439134    0.125807    -0.536283
28.49    -0.0439301    -0.0208073    -0.576719
28.505    -0.0448403    0.133291    -0.649823
28.5175    -0.0282488    0.0697908    -0.630308
28.5325    -0.031589    0.222907    -0.413759
28.545    -0.0255303    0.13955    -0.474222
28.5575    -0.0310364    0.222668    -0.415781
28.56    -0.0302958    0.222302    -0.417798
28.575    -0.0626574    0.162819    -0.511334
28.5875    -0.0709796    0.0480728    -0.67718
28.6025    -0.0317907    -0.0411415    -0.570014
28.6175    -0.0124083    -0.0533438    -0.479869
28.63    0.0243826    0.0440378    -0.361264
28.645    -0.0567575    0.0636978    -0.503381
28.6575    -0.0465269    0.0520487    -0.432743
28.6575    -0.078773    0.0422935    -0.554733
28.665    -0.0878277    0.0335407    -0.608938
28.6775    -0.101079    0.0252523    -0.165753
28.6925    -0.0492406    0.0827122    -0.50654
28.7075    -0.0427551    0.217066    -0.519801
28.72    -0.0473051    0.1766    -0.503417
28.7325    0.00827694    0.140095    -0.499685
28.7475    -0.0231547    0.165545    -0.549905
28.76    0.0138369    0.0964251    -0.422875
28.775    0.00106573    0.133348    -0.456794
28.7875    -0.0133018    0.127489    -0.457564
28.8025    -0.0579772    0.0616417    -0.451818
28.815    -0.0881205    0.0388288    -0.542748
28.83    -0.0364618    0.00748634    -0.452629
28.8425    -0.000576019    0.00872135    -0.432387
28.855    0.0241246    0.117545    -0.491501
28.87    -0.0360732    0.0729961    -0.588473
28.8825    -0.0325975    0.0218258    -0.622741
28.8975    -0.0407281    0.00995255    -0.572949
28.91    -0.0332174    -0.0278988    -0.633549
28.925    -0.0458336    0.0271492    -0.664949
28.9325    -0.0225916    0.0672092    -0.680568
28.94    -0.0761623    0.107462    -0.595273
28.955    0.00994205    0.0744209    -0.504686
28.9675    0.0567169    -0.0399456    -0.339214
28.9825    -0.00082922    0.274438    -0.360431
28.995    0.0314126    0.196069    -0.350578
29.01    -0.0867763    0.452816    -0.482592
29.0225    -0.162238    0.577137    -0.772944
29.0375    -0.133518    0.12009    -0.873732
29.0525    -0.0084939    -0.118355    -0.793695
29.065    -0.00269032    -0.211127    -0.733317
29.08    0.0139685    -0.145311    -0.545742
29.0925    0.0305576    -0.139185    -0.305849
29.1075    -0.116604    -0.281069    -0.663901
29.1075    -0.0179448    -0.263587    -0.157766
29.1225    -0.0364165    -0.296102    -0.509005
29.135    -0.102067    -0.14387    -0.623994
29.15    -0.130693    -0.00778866    -0.548918
29.165    -0.151873    0.202849    -0.447862
29.1775    -0.16222    0.34947    -0.455315
29.1925    -0.155324    0.376425    -0.576386
29.205    -0.109342    0.353488    -0.715236
29.2075    -0.107751    0.352317    -0.713259
29.22    -0.0598063    0.245405    -0.663848
29.235    0.010385    0.0831032    -0.524566
29.2475    0.00310659    0.0328751    -0.475729
29.2625    -0.0130982    0.00590229    -0.682776
29.2775    0.00290585    -0.171658    -0.837592
29.29    -0.0424314    0.00340939    -0.838659
29.305    -0.0577159    0.171769    -0.679684
29.3175    -0.0732555    0.169406    -0.566196
29.3325    -0.0334692    0.197681    -0.776513
29.345    -0.056283    0.223182    -0.752143
29.36    -0.0266919    0.139952    -0.888968
29.3725    -0.0117779    0.0884943    -0.953284
29.3825    -0.0298662    0.171008    -0.885064
29.39    -0.0201831    0.129154    -0.848206
29.4025    0.0160604    -0.0404453    -0.87286
29.4175    0.0547457    0.00297832    -0.745497
29.43    0.0235748    0.0424376    -0.729774
29.445    -0.0374265    0.276091    -0.88972
29.4575    -0.174026    0.269642    -1.49444
29.4725    -0.129465    0.209148    -1.19968
29.4825    -0.173848    0.269401    -1.49141
29.4875    -0.209759    0.398448    -1.76216
29.5025    -0.286021    0.61956    -2.21516
29.515    -0.326797    0.591659    -2.60735
29.53    -0.344432    0.34903    -3.13365
29.5425    -0.30186    0.164743    -3.65171
29.5575    0.0751514    0.767849    -3.46205
29.57    -0.00130558    0.66237    -3.68617
29.585    0.15561    0.88673    -3.2776
29.5975    0.169605    1.21969    -3.50093
29.6125    0.281934    1.86744    -4.16035
29.6275    0.543972    2.70961    -4.70451
29.64    0.75889    2.37269    -4.73149
29.655    0.996628    2.3278    -4.7609
29.6675    1.10351    2.5648    -4.61327
29.6825    1.6632    3.79064    -3.31737
29.6825    1.20187    3.12763    -4.41756
29.6975    1.54318    3.55008    -3.52612
29.71    1.75184    3.91644    -3.17523
29.725    2.04121    4.28008    -3.43383
29.7375    2.3273    4.19865    -3.4787
29.7525    3.06005    3.58092    -2.56063
29.7575    3.25699    2.63741    -1.9687
29.7675    3.67046    1.75444    -1.56991
29.7825    4.24297    1.33224    -0.0849646
29.7825    3.72399    1.29116    -0.632687
29.7975    4.16729    1.3621    -0.285745
29.81    4.25616    0.593016    0.422782
29.825    4.75725    -0.356428    1.52316
29.8375    4.61336    -1.32592    2.40831
29.8525    4.49269    -1.45208    2.37735
29.8675    4.40411    -2.22569    3.06681
29.88    4.30158    -3.39151    2.30144
29.895    4.27455    -3.1266    1.95744
29.9075    3.86891    -4.53941    2.3027
29.9225    3.90881    -4.55959    2.24092
29.935    3.7526    -4.41735    2.51908
29.95    3.55357    -4.43201    2.97174
29.9625    3.26863    -3.43471    2.64824
29.9775    2.96101    -3.2442    1.9309
29.9825    2.8538    -3.26471    1.65305
29.9925    2.68624    -3.76162    1.5555
30.0075    2.3654    -4.3783    2.48706
30.02    2.51997    -4.42571    2.70334
30.035    2.27622    -4.22613    2.25846
30.0475    2.14019    -3.82989    1.61723
30.0625    1.98367    -3.28225    1.25922
30.0775    1.8459    -3.45877    1.45354
30.09    1.84732    -3.5036    1.75066
30.105    1.78549    -3.18787    2.00757
30.1175    1.78809    -3.00009    2.26097
30.1325    1.93738    -1.30475    1.5868
30.1375    1.86337    -2.24402    2.18566
30.15    1.91325    -1.23695    1.6661
30.165    2.06186    -2.01117    1.98339
30.1775    2.2534    -2.14901    2.43047
30.19    2.39628    -1.69827    1.73728
30.2025    2.52713    -0.951287    1.13805
30.2175    2.54054    -0.707383    1.54154
30.23    2.57037    -0.268638    1.95717
30.245    2.69762    -0.467287    2.51074
30.2575    3.68642    -0.780954    2.88675
30.26    3.21349    -0.880095    2.82811
30.2725    3.55207    -0.742658    2.79898
30.2875    3.82441    -0.828236    2.95944
30.3025    4.19269    -1.17438    2.99665
30.3075    4.41834    -1.39948    2.95482
30.32    4.88286    -1.67712    3.15579
30.335    5.31152    -1.94688    3.54963
30.3475    5.76894    -1.54963    3.43712
30.3625    6.24554    -0.397513    3.20421
30.375    6.42828    0.545981    3.31627
30.39    6.6806    1.35994    3.29867
30.4025    7.1326    1.23484    3.26231
30.4175    7.62793    0.742138    3.60939
30.4325    8.88941    2.43196    2.23631
30.445    8.43887    1.50144    2.93321
30.4575    8.87215    2.45073    2.19118
30.47    9.16667    3.4892    2.02781
30.4825    10.611    4.23755    3.31642
30.4975    10.2331    4.15696    3.42099
30.51    11.0944    4.37473    3.05693
30.525    11.8903    4.8232    2.00574
30.5325    12.1116    5.16315    1.40604
30.54    12.3157    5.8923    1.09609
30.555    12.5443    8.62135    0.718879
30.5675    12.822    9.85718    1.27638
30.5825    14.7715    11.0579    -0.694314
30.595    14.297    11.068    0.174385
30.61    15.072    11.0068    -0.698161
30.6225    15.7632    9.99021    -1.19207
30.6375    16.3894    7.55573    -0.92456
30.6525    17.0254    5.20693    -1.51121
30.665    17.1943    4.38905    -2.35329
30.68    16.9583    3.5247    -3.92066
30.6925    16.1054    2.67149    -4.2179
30.7075    14.4665    -0.371531    -4.21889
30.72    15.2182    -0.130309    -3.92351
30.7325    14.5724    -0.292448    -4.13047
30.735    13.8592    -0.997892    -5.13892
30.75    13.0025    -0.966177    -6.12535
30.765    12.1899    -1.74615    -6.64436
30.7775    10.875    -2.60259    -6.81261
30.7925    9.3828    -1.99532    -5.62903
30.805    8.77471    -0.959803    -3.96051
30.8075    8.80975    -0.890416    -3.91024
30.82    8.35524    -1.46937    -3.51747
30.835    7.56968    -3.34376    -3.64944
30.8475    7.20149    -3.85879    -3.59407
30.8625    6.01615    -3.89206    -2.97386
30.8775    5.52614    -2.63218    -2.7685
30.89    4.99653    -1.51247    -2.28818
30.905    4.53079    -1.66951    -1.93534
30.9175    4.03674    -2.72803    -2.40477
30.9325    2.50347    -1.36503    -2.51696
30.945    2.75013    -2.16069    -2.82701
30.9575    2.33127    -0.664771    -2.28092
30.9625    2.07715    -0.221828    -2.0431
30.975    1.71553    -0.3417    -2.12067
30.99    1.45428    -0.613671    -2.33969
31.0025    1.27936    -0.679677    -2.43182
31.0175    1.0664    -0.962518    -2.5063
31.03    1.00839    -1.26101    -1.77818
31.045    0.976901    -1.18548    -0.279786
31.0575    0.71064    0.247976    -0.310082
31.06    0.962757    -0.87165    0.113703
31.0725    0.807625    0.150218    -0.168986
31.0875    0.594378    0.18849    -0.382826
31.1025    0.445406    -0.135507    -0.128598
31.115    0.602254    -0.121501    -0.0182078
31.13    0.638162    -0.320046    -0.279043
31.1425    0.584036    -0.684964    -0.329941
31.1575    0.435942    -0.736819    0.828763
31.17    0.336001    -0.680175    0.462023
31.185    0.461428    -0.565719    0.778575
31.1975    0.392848    -0.191013    0.614563
31.2075    0.333673    -0.0472981    0.402336
31.215    0.22568    0.0268301    0.141331
31.2275    0.120488    0.0400604    0.0905805
31.2425    0.242922    -0.24911    0.256408
31.255    0.312568    -0.38711    0.394811
31.27    0.27899    -0.476684    0.384648
31.2825    0.00565052    0.160215    0.247481
31.285    0.0106821    0.251033    0.838109
31.3    -0.0542202    0.283066    0.0627177
31.3125    0.019146    0.0501885    0.389977
31.3275    0.144803    -0.227068    0.616869
31.34    0.00445557    -0.0465925    0.243438
31.355    -0.20384    0.114848    -0.079041
31.3675    -0.232516    0.0225058    0.263639
31.3825    -0.301423    0.271792    0.691998
31.395    -0.232889    0.321651    0.605195
31.41    -0.200174    0.0751338    0.522215
31.4225    -0.187345    -0.133973    0.223
31.4375    -0.147162    -0.210756    0.236809
31.4525    -0.146482    -0.184848    0.524614
31.4575    -0.0871496    -0.22593    0.503288
31.4675    -0.0626354    -0.338151    0.432019
31.48    0.00468445    -0.380376    0.228714
31.495    0.0858297    -0.220141    0.241349
31.5075    0.152316    -0.405461    0.471572
31.5125    0.114789    -0.188609    0.619035
31.525    0.132808    -0.382753    0.596366
31.54    0.131223    -0.384348    0.345289
31.5525    0.177016    -0.0947111    0.205627
31.565    0.206638    0.0698853    0.14556
31.58    0.29344    -0.358846    0.0448701
31.585    0.304697    -0.467634    0.143009
31.5975    0.315479    -0.620641    0.2093
31.6125    0.374342    -0.606527    0.394833
31.625    0.4243    -0.463295    0.240868
31.64    0.497356    -0.416348    0.0940745
31.6525    0.489511    -0.568836    -0.0352347
31.6675    0.491743    -0.465125    -0.0673897
31.6825    0.601177    -0.803492    0.553347
31.695    0.602842    -0.652081    0.503982
31.7075    0.674952    -0.928185    0.519359
31.72    0.891136    -1.2349    0.211734
31.7325    1.67387    -1.18462    -1.3436
31.7475    1.54082    -1.09731    -0.940906
31.76    1.77009    -1.30224    -1.63522
31.775    1.98229    -1.41241    -1.91817
31.7825    2.159    -1.29406    -1.63969
31.79    2.27478    -1.29253    -1.43832
31.805    2.43553    -1.51681    -1.0807
31.8175    2.55408    -1.83683    -1.02144
31.8325    2.90317    -0.944776    -2.55749
31.845    2.85006    -0.909205    -2.2829
31.86    2.92775    -1.02707    -2.36313
31.8725    2.84519    -1.3858    -1.65369
31.8875    2.9562    -1.54233    -0.555012
31.9025    3.09204    -1.9294    0.0511267
31.915    3.25384    -2.02295    -0.350132
31.93    3.19448    -0.275269    -2.27653
31.9425    3.22661    0.206836    -3.18992
31.9575    3.80257    0.329381    -2.27931
31.97    3.72933    0.230433    -2.4982
31.985    3.90672    0.419667    -2.0733
31.9975    4.01966    0.299479    -1.59014
32.0075    4.25237    0.624875    -1.30993
32.015    4.38889    1.32657    -1.28902
32.0275    4.41412    2.52131    -1.42805
32.0425    4.15369    2.29927    -1.67826
32.055    4.00014    2.03902    -1.46359
32.07    4.32765    2.40405    -1.06927
32.0825    4.3957    2.48594    -0.359937
32.085    4.54568    2.57091    -0.428172
32.1    4.43869    2.30901    -0.324327
32.1125    4.41351    2.62076    -0.489445
32.1275    4.45142    3.03467    -0.975328
32.14    4.38541    3.61639    0.233524
32.155    4.57324    2.8266    1.38094
32.1675    4.64482    2.5524    2.05031
32.1825    4.09501    3.56213    0.557109
32.195    4.30383    2.99501    1.14417
32.21    3.99107    3.49968    0.525252
32.2225    3.87977    3.09735    0.907874
32.2325    4.01572    3.16005    1.39401
32.24    3.93297    3.05552    1.52883
32.2525    3.67971    2.70136    1.66317
32.2675    3.51092    3.24585    1.65374
32.28    3.31397    3.46231    1.65645
32.295    3.40287    3.80106    1.87598
32.3075    2.64304    2.69135    2.02315
32.3225    2.78081    3.16227    2.12577
32.3325    2.72995    2.31846    2.15445
32.3375    2.63023    2.00492    2.24914
32.3525    2.72266    1.94095    2.41594
32.365    2.5455    2.11444    2.89974
32.38    2.18157    2.07874    2.73382
32.3925    1.90204    1.84326    2.0545
32.4075    1.68137    0.0555496    2.92979
32.42    1.7469    0.218055    2.61782
32.435    1.67557    0.111581    3.16106
32.45    1.50496    0.497337    3.35238
32.4625    1.3189    0.821342    3.14919
32.4775    1.1043    1.23836    3.06645
32.49    0.923439    0.88117    3.05222
32.505    0.64348    -0.024272    2.94922
32.5175    0.489602    -0.0200319    2.87244
32.5325    0.301376    0.438128    3.68055
32.5325    0.330726    0.189993    3.24057
32.5475    0.279614    0.5062    3.86151
32.56    0.293924    0.265704    3.55173
32.575    0.399884    -0.249788    3.71882
32.59    0.517008    -0.941095    3.60477
32.6025    0.4565    -0.930331    3.50762
32.6075    0.515692    -0.945611    3.25238
32.6175    0.434549    -0.60315    2.65282
32.6325    -0.157517    0.218056    2.23483
32.645    -0.0270658    0.373582    2.15057
32.66    -0.137139    0.187938    2.25702
32.6725    -0.109377    0.19836    2.45729
32.6875    -0.136738    0.270687    2.24542
32.7025    -0.0706983    0.185363    1.68563
32.715    0.0850539    -0.0297356    1.39182
32.73    0.369216    0.359448    1.11793
32.7425    0.409503    0.674255    0.804547
32.7575    0.295441    0.0148544    0.469355
32.77    0.309015    0.496524    0.66179
32.7825    0.275224    0.0258493    0.472755
32.7875    0.201314    -0.0481501    0.425642
32.8    0.201237    0.0980978    0.398864
32.815    0.126003    0.0612249    0.282209
32.8275    0.0162864    -0.307791    0.206857
32.8425    -0.120089    -0.350945    -0.000637233
32.855    -0.208068    0.182174    -0.238413
32.8575    -0.192359    0.419297    -0.514059
32.87    -0.246947    0.0506468    -0.749686
32.885    -0.268978    0.0883484    -0.717579
32.9    -0.155328    0.292834    -0.315303
32.9125    -0.152676    0.775656    -0.403178
32.9275    -0.107227    1.14645    -0.420136
32.94    0.290864    1.04507    -0.42602
32.955    0.274734    1.18914    -0.577425
32.9675    0.553639    1.73132    -0.528381
32.9825    1.22783    1.85762    -0.417723
32.995    1.10085    2.1871    -0.170946
33.01    1.30028    1.70704    -0.439495
33.0225    1.27457    1.20485    -0.609543
33.0375    0.97677    1.0971    -0.748038
33.0525    0.683417    0.964927    -0.709757
33.0575    0.4735    0.66879    -0.756719
33.0675    0.333042    0.433383    -0.740711
33.08    -0.0572352    0.126904    -0.633665
33.095    -0.511209    -0.308173    -0.328541
33.1075    -0.93323    -0.415641    -0.361194
33.1225    -0.924083    -0.334122    -0.299914
33.1325    -0.930256    -0.418133    -0.451794
33.1375    -0.982343    -0.437679    -0.451926
33.1525    -1.00371    -0.422369    -0.565886
33.165    -0.926293    -0.515095    -0.586694
33.18    -0.753118    -0.657475    -0.669947
33.1825    -0.75323    -0.667306    -0.665571
33.1975    -0.289469    -0.585848    -0.600809
33.21    0.137499    -0.432638    -0.518478
33.225    0.617428    -0.220049    -0.456559
33.2375    1.09719    0.0229383    -0.381395
33.2525    1.40689    0.204487    -0.448252
33.2675    1.37372    0.702115    -0.738122
33.28    1.74879    0.6789    -0.172437
33.295    0.794939    1.01183    -0.345862
33.3075    -0.418349    -0.153175    -0.772922
33.32    -0.277622    0.0928802    -0.730775
33.3325    -0.810045    -0.633473    -0.815772
33.3475    -0.759278    -0.531672    -0.850357
33.36    -0.781416    -0.58318    -0.753752
33.375    -0.748047    -0.0692534    -0.537523
33.3825    -0.767792    -0.0561938    -0.549968
33.39    -0.672571    -0.0164623    -0.798814
33.405    -0.50003    -0.0201912    -0.645612
33.4175    -0.280442    -0.0089097    -0.507367
33.4325    0.275912    0.378488    -0.541007
33.445    0.188369    0.405612    -0.670049
33.46    0.36839    0.245615    -0.488974
33.4725    0.567516    0.0552678    -0.633075
33.4875    0.683999    -0.0194201    -0.433494
33.5025    0.645329    0.0195589    -0.30663
33.515    0.461722    -0.111535    -0.515418
33.53    0.257082    0.146771    0.14589
33.5425    0.128781    0.0296617    -0.293158
33.5575    -0.155838    -0.337646    -0.790519
33.57    -0.0730424    -0.248954    -0.767464
33.5825    -0.156344    -0.337579    -0.786905
33.585    -0.157107    -0.337341    -0.782946
33.6    -0.167208    -0.389155    -0.438709
33.615    -0.158338    -0.362481    -0.390984
33.6275    -0.112492    -0.217198    -0.303597
33.6425    -0.134717    -0.162977    -0.488835
33.655    -0.156353    0.0655832    -0.491683
33.6575    -0.150795    0.190271    -0.511865
33.67    -0.11027    0.279288    -0.510278
33.685    -0.0793362    0.361656    -0.499364
33.7    -0.0601683    0.34791    -0.467262
33.7125    -0.0870857    0.293945    -0.394737
33.7275    -0.0712538    0.298759    -0.56451
33.74    -0.0745115    0.172082    -0.720166
33.755    -0.0467205    0.0807872    -0.62966
33.7675    -0.00373363    0.00643158    -0.544707
33.7825    -0.0108109    0.144046    -0.747402
33.795    0.0256505    0.191737    -0.602818
33.81    -0.0169263    0.119274    -0.761993
33.8225    -0.0138187    -0.0165052    -0.772517
33.8325    0.00427818    -0.10991    -0.793478
33.84    -0.00918055    0.0152478    -0.944706
33.8525    -0.0111966    0.0463047    -1.07556
33.8675    -0.0417466    0.0981841    -1.21975
33.88    0.104023    0.193393    -1.2882
33.895    0.11116    0.276156    -1.7468
33.9075    -0.277356    0.518962    -2.40444
33.91    0.0746074    0.423351    -1.98581
33.925    -0.215788    0.591725    -2.19863
33.9375    -0.317335    0.520398    -2.52317
33.9525    -0.201046    0.359669    -2.89647
33.965    -0.242877    0.116281    -3.21742
33.98    -0.262566    0.754961    -3.33786
33.9925    -0.259711    0.954667    -3.9394
34.0075    -0.326285    1.09019    -4.68071
34.02    -0.362753    1.235    -4.59227
34.035    -0.260607    0.98408    -4.82652
34.05    0.0695691    0.647883    -5.51464
34.0575    0.203021    0.691785    -5.7617
34.065    0.46056    0.70124    -5.97228
34.0775    0.802353    1.30116    -6.52113
34.0925    1.06933    1.78801    -7.27963
34.105    1.36444    2.24237    -8.00754
34.12    2.09793    3.17679    -7.90658
34.1325    3.21863    5.02941    -7.79081
34.1475    3.00604    4.57717    -7.25882
34.1575    3.51874    5.58948    -8.2969
34.1625    3.59326    5.55035    -8.23991
34.1775    4.8388    7.0117    -8.42498
34.19    5.57328    7.56201    -7.57631
34.205    6.36485    8.19791    -6.7771
34.2175    7.12278    9.07197    -6.68338
34.2325    10.4746    8.71772    -5.18245
34.245    9.41307    8.96393    -5.99851
34.26    10.8235    8.47171    -4.4237
34.275    11.4266    8.74022    -3.65199
34.2825    11.8237    9.46225    -3.90625
34.29    12.1909    10.8803    -4.55152
34.305    13.3478    11.616    -4.40278
34.3175    14.202    11.6671    -4.16055
34.33    15.4126    11.8375    -4.38068
34.345    16.763    11.5586    -3.67538
34.3575    19.3686    10.3974    -0.248529
34.3725    18.7547    10.7487    -1.17223
34.3825    19.5233    10.5235    -0.339526
34.3875    19.6363    10.3179    0.805226
34.4025    19.8583    10.507    2.0757
34.415    19.937    9.68989    2.62806
34.43    19.5127    7.24573    3.50918
34.4425    19.151    7.74563    4.41011
34.4575    18.7237    5.04024    3.09258
34.47    18.977    5.60569    3.11407
34.485    18.7098    3.58882    3.3015
34.5    17.7432    0.336894    2.83766
34.5075    17.0437    -0.364351    2.14902
34.5175    15.9803    -0.877398    1.97625
34.5325    14.8362    -4.37301    2.55561
34.545    15.0379    -2.46147    3.41034
34.56    14.781    -5.23281    1.8013
34.5725    14.0999    -7.41708    0.66352
34.5825    13.7961    -8.41784    0.0626235
34.5975    12.6229    -10.8505    -0.684701
34.6125    11.8476    -10.6084    -0.311212
34.625    11.1419    -10.1086    0.520576
34.64    10.5397    -8.95882    1.1987
34.6525    10.1232    -8.47442    1.27357
34.6575    9.86795    -8.75743    1.35955
34.6675    9.27038    -9.18418    1.27525
34.6825    9.13606    -7.58014    1.57395
34.695    8.9355    -7.90149    1.22255
34.71    9.26966    -7.46458    1.7987
34.725    9.96953    -6.88269    1.98786
34.7375    10.9501    -5.55088    1.59226
34.7525    11.9841    -3.50518    1.32518
34.765    13.014    -2.49034    1.51023
34.78    14.6699    -1.33675    1.68579
34.7925    16.189    -0.64947    1.97127
34.8075    20.2723    2.06622    4.80933
34.82    19.5358    1.22837    3.93878
34.8325    21.122    3.87852    5.11761
34.8375    21.8265    5.73883    5.35723
34.85    22.3004    6.77823    5.63475
34.8575    23.5113    8.66467    4.43581
34.8675    23.9695    8.41632    3.91049
34.8825    29.1183    9.41065    7.3187
34.895    26.66    7.48634    6.37299
34.91    30.1832    10.5994    7.46119
34.9225    32.139    11.5222    7.94995
34.935    34.5894    12.6967    8.89408
34.95    36.7414    14.1945    8.20193
34.9625    38.7047    16.5404    6.07399
34.9775    40.4498    17.3868    5.00868
34.99    39.8121    18.4724    5.5997
35.005    38.353    21.1126    5.49188
35.0175    37.2422    25.2549    5.34925
35.0325    35.0877    27.7652    5.12032
35.045    35.4466    28.0635    4.44668
35.06    34.9816    28.6459    5.76814
35.0725    34.891    29.2314    5.26907
35.0875    35.1962    29.5385    3.0551
35.1025    35.9566    30.726    3.35524
35.1075    36.2836    30.6389    3.09944
35.1175    37.0766    30.6943    1.80714
35.13    38.2626    30.623    0.0266905
35.145    39.8771    30.353    -1.0381
35.1575    43.9345    31.2933    -7.01273
35.1725    43.082    31.0695    -4.29985
35.1875    44.7859    31.5775    -6.9366
35.2    46.0991    31.6889    -12.3651
35.2075    46.8081    30.2774    -14.2452
35.215    47.4422    28.5895    -15.4
35.23    45.5569    24.0775    -18.873
35.2425    42.532    22.7905    -21.5032
35.2575    36.7859    19.2342    -14.3994
35.27    37.8838    20.4567    -16.142
35.285    35.4616    17.3467    -13.3846
35.2975    33.0561    13.7143    -11.4052
35.3075    31.6094    13.0535    -10.2312
35.315    29.4003    11.2933    -8.40535
35.3275    27.2373    10.5509    -6.92246
35.3425    25.8507    11.9644    -8.38995
35.355    24.1533    12.0542    -10.411
35.37    22.3903    9.72914    -10.3415
35.3825    18.4648    2.67295    -6.75711
35.3975    18.8438    3.00266    -6.98517
35.4125    17.6331    3.65512    -7.09125
35.425    16.7233    4.28806    -5.51315
35.44    15.6115    1.7395    -5.28193
35.4525    14.006    -2.1838    -6.76509
35.4675    12.9709    -7.5315    -3.62213
35.48    11.5437    -11.8083    -1.23254
35.4825    10.4917    -13.1285    -0.0897403
35.4975    6.91836    -11.4333    2.95333
35.51    6.02026    -4.20445    2.1173
35.525    4.61467    -2.81299    0.0797248
35.5375    3.49056    -5.36866    -2.45692
35.5525    2.41638    -5.01289    -1.20241
35.565    1.95794    -4.95283    -1.73671
35.58    1.73428    -3.95384    -1.15257
35.5925    1.21259    -3.22775    -1.99856
35.6075    0.244329    -1.69098    0.131528
35.62    0.411213    -2.22023    -0.402642
35.635    0.194561    -1.17745    -0.302943
35.65    -0.220691    0.322185    -0.951455
35.6575    -0.370372    0.366893    -0.606243
35.665    -0.499222    0.338105    -0.541754
35.6775    -0.493429    -0.280965    -0.851436
35.6925    -0.226219    -0.120922    1.13323
35.705    -0.197227    -0.496203    0.499249
35.71    -0.191038    -0.487784    0.488546
35.725    -0.44894    -0.345281    -1.10021
35.735    -0.45485    -0.23702    -1.17962
35.75    -0.433021    -0.35008    -0.96843
35.7625    -0.595814    -0.254219    -0.262428
35.7775    -0.551683    0.678385    0.53731
35.79    -0.707714    0.433389    0.868372
35.805    -0.848643    -0.391075    0.256664
35.8175    -0.767909    -0.215589    -0.42057
35.8325    -0.686245    0.101017    0.379109
35.845    -0.657098    0.202167    -0.0495882
35.86    -0.670084    0.263297    0.542416
35.875    -0.789019    -0.188253    0.299048
35.8875    -0.794955    -0.184341    0.0278258
35.9025    -0.73029    -0.164308    -0.161927
35.915    -0.67946    0.438234    -0.832961
35.93    -0.309788    0.577545    -1.09688
35.9425    -0.308557    -0.102321    -0.431183
35.9575    -0.50277    -0.719529    0.155117
35.9575    -0.234908    -0.246054    0.0184436
35.9725    -0.397776    -0.572406    0.126584
35.9825    -0.552191    -0.513201    0.219758
35.99    -0.531958    -0.38919    0.517524
36.005    -0.513381    -0.329169    0.382734
36.0175    -0.510962    -0.374789    0.417382
36.0325    -0.395275    -0.40713    0.36727
36.0425    -0.444227    -0.289232    0.394742
36.0575    -0.232549    -0.368063    0.397331
36.07    -0.287061    -0.485126    0.569688
36.085    -0.271294    -0.283535    0.200713
36.1    -0.390684    0.0693274    -0.490701
36.1125    -0.429631    0.23326    -0.918416
36.1275    -0.369384    0.119487    -0.703616
36.14    -0.416494    -0.144004    -0.256968
36.155    -0.434391    -0.319473    0.101239
36.1675    -0.47024    -0.518887    -0.102341
36.1825    -0.876847    -0.215147    0.086863
36.195    -0.710987    -0.126283    0.115236
36.2075    -0.867439    -0.213182    0.0895061
36.2125    -0.929908    -0.0878487    -0.073772
36.225    -1.03785    0.0684557    -0.43063
36.24    -1.09852    0.0550518    -0.614341
36.2525    -0.949619    0.269958    -0.106683
36.2675    -0.857601    0.121284    0.174309
36.28    -0.804003    -0.331037    0.314241
36.2825    -0.802944    -0.360877    0.321031
36.2975    -0.768741    -0.251896    0.0642247
36.31    -0.766413    -0.14463    -0.232037
36.325    -0.740386    0.237721    -0.22751
36.3375    -0.686038    0.0859089    -0.0130973
36.3525    -0.485873    -0.475716    0.0378394
36.365    -0.273381    -0.872334    0.299418
36.38    -0.192577    -0.862847    0.490751
36.3925    -0.216839    -0.574534    0.444844
36.4075    -0.470521    0.203894    0.240707
36.42    -0.452281    -0.00289345    0.221327
36.435    -0.438047    0.163466    0.265697
36.45    -0.32811    -0.360029    0.238984
36.4625    -0.11066    -0.586528    0.455383
36.4775    -0.0212801    -0.816076    0.555352
36.4825    0.0340521    -0.810552    0.400495
36.4925    0.101118    -0.974901    0.28738
36.505    0.183936    -0.976994    0.0210528
36.52    0.1568    -0.440886    0.101104
36.535    0.0886891    -0.156262    -0.036243
36.5475    0.199492    -0.029211    0.0972385
36.5625    0.525459    -0.203223    0.0273619
36.575    0.858585    -0.77422    -0.00472403
36.5825    1.03705    -0.964656    0.0314875
36.59    1.1675    -1.243    -0.142739
36.605    1.31051    -1.59322    -0.299274
36.6175    1.45343    -1.59952    -0.254846
36.6325    2.07866    -0.77563    0.140402
36.645    1.75026    -0.599146    -0.11732
36.66    2.14834    -0.76067    0.139888
36.675    2.29363    -0.534064    -0.0106902
36.6875    2.34845    -0.493055    -0.105201
36.7025    2.51848    0.0977478    -0.440753
36.715    2.53774    0.566196    -1.07356
36.73    2.63153    1.55931    -1.05675
36.7425    2.53217    1.88251    -0.832847
36.7575    3.31289    2.31442    -0.709096
36.76    2.83285    1.72088    -0.0095005
36.7725    3.30046    1.82488    -0.0509663
36.7875    2.50041    2.6136    -2.0459
36.8    2.24263    3.4053    -1.37765
36.815    2.4227    3.55401    -0.656534
36.8275    3.02318    3.8015    -0.0870361
36.8325    3.07573    3.2116    0.0298214
36.8425    3.19764    2.9336    -0.31668
36.8575    2.7185    4.2291    -2.92235
36.8725    2.54446    3.54059    -2.9359
36.885    2.87071    4.96337    -2.57933
36.9    3.60816    5.80339    -1.86237
36.9125    4.01978    5.42768    -1.77944
36.9275    3.76575    4.42468    -2.79865
36.94    3.21428    3.3815    -3.37957
36.955    3.85551    3.93415    -2.27226
36.9675    4.43956    5.74682    -1.52491
36.9825    2.83302    5.93503    -0.771663
36.995    3.35154    7.03449    -1.68493
37.01    2.90879    5.64811    -0.837566
37.025    3.05749    7.15448    -0.563396
37.0325    3.31423    6.94381    -1.09011
37.04    2.72348    6.49104    -1.50486
37.0525    2.86137    7.84332    -2.76272
37.0675    3.25615    8.09316    -2.08241
37.08    3.27548    7.56431    -0.796071
37.095    2.89613    7.92743    -0.34751
37.1075    1.83884    7.22485    -0.548464
37.1125    2.35035    8.61839    -1.02105
37.1275    1.88151    7.3135    -0.510656
37.1375    1.47616    6.38995    -0.450526
37.1525    0.845255    4.59584    0.299303
37.165    1.30938    4.458    2.37604
37.18    1.77164    4.13974    2.70716
37.1925    1.35863    4.24998    2.6524
37.2075    1.49809    3.94981    -3.831
37.22    1.44231    3.49921    -1.33271
37.235    1.45647    5.15777    -4.13069
37.25    1.61665    7.61443    3.93533
37.2625    2.02867    6.36632    5.67933
37.2775    0.930817    1.40975    6.16968
37.29    -0.0514913    -1.13688    6.29247
37.305    -0.11909    -2.18689    5.56281
37.3075    -0.251173    -2.10068    4.28507
37.32    0.588734    -1.05992    2.0202
37.3325    0.589877    11.6426    -5.32122
37.3475    1.0712    9.95248    -4.9664
37.3625    -0.16539    11.6195    -4.72673
37.375    -0.668089    9.89039    -2.07119
37.3825    -0.536155    8.17948    -0.853143
37.39    -0.669693    4.31831    0.500853
37.405    -1.51512    -4.25436    5.59937
37.4175    -1.41255    -4.07512    5.90942
37.4325    1.09735    2.62576    -0.655238
37.4375    -0.66477    -1.6889    1.63471
37.45    0.739925    1.56946    0.211416
37.465    0.973094    3.1057    -1.53875
37.48    0.520309    2.93765    -1.10585
37.49    0.949965    2.40999    -0.424287
37.5025    0.549106    0.264132    0.44114
37.5175    0.0623221    -3.57101    -1.35645
37.53    1.96887    -1.71526    1.21006
37.545    1.46125    -0.278156    2.48758
37.56    1.52007    0.311916    2.06976
37.5725    1.03926    1.116    1.70552
37.5875    0.135681    1.49155    1.83361
37.6    -0.167875    0.842798    1.51149
37.615    -0.0921032    0.470305    -0.00393867
37.6275    -0.279236    -0.326779    -1.18631
37.6425    0.844071    -2.08168    0.566155
37.655    -0.778657    -2.21377    -0.431193
37.67    -0.851507    -1.43352    -1.55846
37.6825    1.65566    -0.202483    0.146063
37.6975    1.11638    -0.0125208    -0.00644922
37.7075    0.93429    -1.02324    -0.0352073
37.7125    0.878404    -0.934397    -0.103385
37.7275    -0.190632    -0.850238    -0.540059
37.7325    -0.262428    -0.824979    -0.559197
37.745    0.345243    0.625635    -0.0466537
37.7575    -1.08911    0.369092    1.03736
37.7725    -0.782295    1.24759    1.46079
37.785    -1.32465    -0.376224    0.561125
37.8    -0.948958    0.993724    0.136271
37.8125    -0.363134    2.65681    1.18243
37.8275    -0.44518    2.9876    2.70992
37.8425    -0.519172    1.37806    2.621
37.855    0.0502304    -0.197685    1.03453
37.87    -1.54899    -1.16011    -1.65479
37.8825    0.637819    1.13683    -1.8391
37.895    0.201261    0.676345    -2.58102
37.9075    0.250899    1.10878    1.70032
37.9225    0.622346    1.45655    1.11064
37.9375    0.0346128    0.736844    2.08285
37.95    0.0170997    0.082217    2.35941
37.9575    0.166295    -0.149024    1.78518
37.965    0.292121    -0.187982    1.18691
37.98    0.532698    -0.438846    -0.73224
37.9925    0.12654    -1.38564    -2.65816
38.0075    0.233395    -0.262136    0.364987
38.0225    0.0146896    -0.694184    -0.520985
38.035    0.422098    0.122255    1.13444
38.05    0.846728    0.393161    1.94949
38.0625    1.08746    0.225215    2.03954
38.0775    1.14196    -0.379212    1.94178
38.09    0.854819    -0.603802    1.28105
38.105    0.372324    -0.319295    -0.285191
38.1175    0.344941    -0.114607    -1.02958
38.1325    0.0495312    -0.138598    -0.809582
38.145    0.0928934    -0.354215    -1.4846
38.1575    0.040962    -0.14988    -0.808276
38.1625    -0.0219992    0.0224183    -0.561616
38.175    0.0337292    0.462312    -0.278562
38.19    -0.0394521    0.95188    -0.209625
38.2025    -0.0496904    1.12374    -0.753928
38.2175    0.0482227    0.973269    -0.97365
38.23    -0.25255    0.876286    -0.909383
38.2325    -0.219941    0.882614    -0.986844
38.2475    -0.0502412    0.92371    -1.39822
38.2575    -0.0595813    0.76278    -1.76991
38.265    0.0297655    0.626483    -1.86662
38.28    0.291194    0.365059    -1.56593
38.2925    0.337689    0.324555    -1.019
38.3075    0.301705    0.571716    0.751821
38.32    0.177154    0.753159    0.488323
38.335    0.300364    0.519007    0.991003
38.3475    0.125228    0.375214    1.0703
38.3625    0.123201    0.146395    0.53239
38.3775    0.00599253    -0.123753    -0.150454
38.39    0.0183549    -0.0786573    -0.723498
38.405    0.0239859    0.264626    -0.761593
38.415    -0.0418824    0.377037    -0.497226
38.4275    -0.0649091    0.625234    -0.167534
38.4425    -0.001719    0.867522    -0.20132
38.455    0.0654771    0.708023    -0.270926
38.47    0.0702645    0.418671    -0.337657
38.4825    0.0439585    -0.0321852    -0.942536
