2.49995    17.5    30.6066
0.591788    19.2278    29.9973
-2.10177    18.346    26.703
-6.21918    14.0388    20.1442
-8.55317    9.53203    13.767
-7.07105    7.07106    9.99998
-3.9179    4.89678    7.2118
-6.40238    -3.77795    -1.32458
0.0335217    -3.78921    -0.458776
11.8577    1.96199    6.82235
27.5    12.5    19.3934
22.4082    3.77216    13.0027
26.1017    5.65395    17.2969
32.2192    11.9612    25.8558
19.5532    1.46794    17.2329
27.0711    12.9289    30
28.9179    20.1032    37.7882
16.4024    13.7779    31.3246
15.9665    19.7892    36.4588
0.142368    10.038    25.1777
4.50005    19.5    32.6066
0.64113    6.54204    30.9893
-12.2739    -2.29169    19.2634
-7.98755    5.0989    22.6307
-3.1362    11.7735    24.5447
-8.50954    6.76388    14.5033
-15.0711    -0.928935    1.99997
-3.96153    7.66495    6.4755
0.514639    8.48741    4.27489
14.9193    18.4579    12.6136
4.72341    3.48151    -2.44374
19.3588    13.458    9.01069
22.2739    12.2917    10.7366
25.9875    12.9011    15.3693
30.1362    15.2265    22.4552
34.5095    19.2361    31.4966
23.0711    8.92894    26
23.9616    12.3351    33.5245
27.4854    19.5126    43.7251
8.08075    4.54208    30.3864
7.27664    8.5185    34.4438
-3.35877    2.54205    26.9893
5.59313    0.140968    30.4105
-1.46642    -2.28158    24.8108
-4.59933    -0.697698    21.5444
-6.40106    1.83546    18.029
-17.5973    -5.83218    3.70644
-1.07106    13.0711    16
-13.8738    1.26103    -1.72762
-9.2205    5.42543    -2.20935
3.53108    16.2545    5.69983
7.91589    17.4714    6.0088
12.4068    17.859    7.58945
19.4664    20.2816    13.1891
23.5993    19.6977    17.4555
32.401    24.1646    27.971
33.5973    21.8322    32.2935
30.0711    15.929    33
28.8738    13.739    36.7276
26.2205    11.5746    39.2093
14.469    1.74549    32.3002
15.0842    5.52862    36.9912
15.5932    10.141    40.4106
6.22839    -8.49429    19.8553
4.94197    -4.68997    20.5764
8.15066    4.5523    25.2411
-2.67653    0.110929    15.1759
-6.16496    2.73545    11.6808
-12.0711    2.07108    4.99998
-14.3061    3.69341    1.29806
-3.94504    16.15    9.64372
9.78108    30.0045    21.0031
-1.4925    16.8798    7.24319
19.7716    34.4943    26.1447
16.058    25.69    20.4235
19.8493    23.4477    22.7588
25.6765    22.8891    27.8241
16.1649    7.26458    18.3192
30.0711    15.929    33
33.3061    15.3066    37.7019
23.9451    3.85006    30.3563
25.219    4.99549    33.9969
20.4925    2.12023    31.7568
0.228486    -14.4943    13.8554
14.7764    -3.59324    15.8275
9.26737    -3.83302    12.9415
3.83007    -2.71873    10.7465
6.99672    7.64055    17.4573
5.24044    13.0139    19.2001
-7.07107    7.07108    9.99999
-10.7115    8.41497    8.7788
-0.618294    21.6203    20.3624
-1.89833    21.2756    19.4978
3.18209    25.0228    23.8781
5.22356    23.5932    24.1725
1.73258    14.833    18.0585
23.1699    29.7187    36.2535
21.0032    20.3595    30.5427
28.7595    20.9861    34.8
28.0711    13.929    31
27.7115    8.58507    28.2212
33.6183    11.3797    32.6377
23.8984    0.724457    22.5023
22.8179    0.97718    22.1219
14.7765    -3.59322    15.8275
15.5    0.49996    7.3934
19.8576    9.96195    14.8224
6.03348    2.21076    5.54124
6.59759    9.22204    11.6754
-8.91793    -0.103213    2.21182
-7.07107    7.07107    10
-8.55317    9.53206    13.767
-14.2192    6.03885    12.1442
-9.10175    11.3461    19.703
-2.40818    16.2279    26.9973
7.49999    22.5    35.6066
-0.85769    9.03805    24.1776
12.9665    16.7892    33.4588
17.4024    14.778    32.3246
19.9179    11.1032    28.7882
27.071    12.9289    30
31.5532    13.468    29.233
22.2192    1.96117    15.8558
26.1018    5.65395    17.297
19.4082    0.772151    10.0028
15.5001    0.499977    7.39346
17.3588    11.4579    7.01067
11.7234    10.4815    4.55625
7.91927    11.4579    5.61357
-2.48539    5.48738    1.2749
1.03845    12.6649    11.4755
-7.07107    7.07106    10
-2.50955    12.7639    20.5034
-0.13619    14.7735    27.5448
4.01246    17.0989    34.6307
-6.27391    3.70834    25.2634
-3.35884    2.54208    26.9893
8.27657    9.51853    35.4437
22.0807    18.5421    44.3864
27.4853    19.5126    43.7251
31.9615    20.3351    41.5245
27.071    12.9289    30
28.5095    13.2361    25.4967
28.1362    13.2265    20.4553
20.9876    7.90107    10.3693
27.274    17.2917    15.7366
9.35889    3.45793    -0.989272
23.4068    28.859    18.5894
-1.08413    8.47136    -2.99123
-3.46894    9.2545    -1.30019
-6.22052    8.4254    0.790644
-12.8738    2.261    -0.727612
-0.071064    14.0711    17
-2.59733    9.16781    18.7065
0.598948    8.83547    25.029
-3.59933    0.302318    22.5445
3.5336    2.71845    29.8109
-0.406847    -5.859    24.4106
20.0841    10.5286    41.9912
16.4689    3.74548    34.3002
22.2205    7.57457    35.2094
28.8737    13.739    36.7276
35.0711    20.9289    38
27.5973    15.8322    26.2936
21.4011    13.1645    16.971
19.5994    15.6977    13.4556
19.4664    20.2816    13.1892
14.4069    19.859    9.58946
5.77155    20.4943    12.1446
13.5075    31.8798    22.2431
-0.218931    20.0045    11.0031
-12.9451    7.14994    0.643692
-8.30613    9.69338    7.29805
-15.0711    -0.928951    1.99999
-16.165    -7.26457    1.6808
-3.67652    -0.889087    14.1759
2.15067    -1.4477    19.2412
4.94198    -4.68997    20.5765
10.2284    -4.49428    23.8554
23.4925    5.12021    34.7568
20.2189    -0.00454044    28.9969
23.945    3.85002    30.3563
23.3061    5.30659    27.7019
23.0711    8.92891    26
16.165    7.26454    18.3192
25.6765    22.8891    27.8241
12.8494    16.4477    15.7588
5.05806    14.69    9.42354
0.771645    15.4943    7.14468
-0.77646    17.5932    18.1724
1.18208    23.0228    21.8781
-3.89834    19.2756    17.4977
-10.6183    11.6203    10.3623
-5.71154    13.4149    13.7788
-17.0711    -2.92895    -1.81198e-05
-11.7595    -3.98614    2.20006
-1.00327    -0.359474    9.45731
2.83009    -3.71875    9.74654
9.26739    -3.83304    12.9416
5.77641    -12.5932    6.82753
19.8179    -2.02286    19.1219
23.8983    0.724408    22.5023
23.6183    1.37963    22.6377
27.7115    8.58502    28.2212
31.0711    16.9289    34
24.7596    16.9861    30.7999
17.0033    16.3594    26.5427
16.17    22.7187    29.2535
10.7327    23.833    27.0584
5.22364    23.5933    24.1725
2.49996    17.5001    30.6065
-10.4082    8.22789    18.9972
-14.1018    6.34609    14.703
-16.2192    4.03886    10.1442
-8.55317    9.53206    13.767
-4.07105    10.0711    13
6.08209    14.8968    17.2118
-3.40238    -0.777992    1.67544
3.03351    -0.78927    2.54126
11.8577    1.96192    6.82239
23.5    8.49993    15.3934
22.4082    3.7721    13.0027
32.1017    11.6539    23.297
28.2192    7.96112    21.8558
26.5532    8.46792    24.233
30.0711    15.9289    33
25.9179    17.1032    34.7882
19.4024    16.778    34.3246
21.9665    25.7893    42.4587
8.14238    18.0381    33.1776
-2.49994    12.5001    25.6066
