0    1    -0.00040345    -0.000122311    -6.08882e-05
0.00390625    1    -0.000806897    -0.000244504    -0.000121891
0.0078125    0.999999    -0.0012146    -0.000377997    -0.000194346
0.0117188    0.999998    -0.00161329    -0.000560381    -0.000309477
0.015625    0.999998    -0.00204164    -0.000664778    -0.000434472
0.0195313    0.999997    -0.00245054    -0.000766845    -0.000600708
0.0234375    0.999995    -0.00286071    -0.000844266    -0.000734997
0.0273438    0.999994    -0.00325974    -0.000969631    -0.000863095
0.03125    0.999992    -0.00366043    -0.00101343    -0.00097616
0.0351563    0.999991    -0.00404386    -0.00113195    -0.0011026
0.0390625    0.999989    -0.00443999    -0.00121044    -0.0012187
0.0429688    0.999987    -0.00483043    -0.00125891    -0.00134613
0.046875    0.999984    -0.00524681    -0.00127477    -0.00143096
0.0507813    0.999982    -0.00565625    -0.00140488    -0.00151578
0.0546875    0.999979    -0.00609046    -0.00144147    -0.00158349
0.0585938    0.999976    -0.00649473    -0.00161759    -0.00166317
